## Question a
A<-matrix(c(1:8), byrow=F, ncol=4)
A
## Question b
x=c(1)
y=c(-1)
xy=cbind(x,y)
xy
B<-matrix(xy,byrow =T,nrow = 15, ncol=10)
B

## Question c
g<-matrix(c(1,1,1,0,0,0,0,0,0,0,0,0,0,0,0,
0,0,0,1,1,1,0,0,0,0,0,0,0,0,0,
0,0,0,0,0,0,1,1,1,0,0,0,0,0,0,
0,0,0,0,0,0,0,0,0,1,1,1,0,0,0,
0,0,0,0,0,0,0,0,0,0,0,0,1,1,1),nrow = 15,ncol=5)
g
t(g)


## Question d
outer(0:9,1:10,"+")

## Question e
d=matrix(c(1,2,3,4,5,6,7,8,9,2,3,4,5,6,7,8,9,1,3,4,5,6,7,8,9,1,2,4,5,6,7,8,9,1,2,3,5,6,7,8,9,1,2,3,4,6,7,
           8,9,1,2,3,4,5,7,8,9,1,2,3,4,5,6,8,9,1,2,3,4,5,6,7,9,1,2,3,4,5,6,7,8),nrow = 9)
t(d)


## Question (f)
matrix(c(1,0,1,-1),nrow = 2)


